Contact
--------------
ColXYZ: 0.000000, 0.000000, 1.500000
NorXYZ: -1.000000, 0.000000, 0.000000
Depth : 0.014536